0800000000000000
0800150000000000
0800000000000000
0000000000000000
0000130000000000
0000000000000000
0000120000000000
0000000000000000
00001a0000000000
0000000000000000
0000080000000000
0000000000000000
0000150000000000
0000000000000000
0000160000000000
0000000000000000
00000b0000000000
0000000000000000
0000080000000000
0000000000000000
00000f0000000000
0000000000000000
00000f0000000000
0000000000000000
0000370000000000
0000000000000000
0000080000000000
0000000000000000
00001b0000000000
0000000000000000
0000080000000000
0000000000000000
00002c0000000000
0000000000000000
00002d0000000000
0000000000000000
0200000000000000
0200060000000000
0200000000000000
0000000000000000
0000120000000000
0000000000000000
0000100000000000
0000000000000000
0000100000000000
0000000000000000
0000040000000000
0000000000000000
0000110000000000
0000000000000000
0000070000000000
0000000000000000
00002c0000000000
0000000000000000
0200000000000000
0200340000000000
0200000000000000
0000000000000000
0200000000000000
0200160000000000
0200000000000000
0000000000000000
0000170000000000
0000000000000000
0000040000000000
0000000000000000
0000150000000000
0000000000000000
0000170000000000
0000000000000000
00002d0000000000
0000000000000000
0200000000000000
0200130000000000
0200000000000000
0000000000000000
0000150000000000
0000000000000000
0000120000000000
0000000000000000
0000060000000000
0000000000000000
0000080000000000
0000000000000000
0000160000000000
0000000000000000
0000160000000000
0000000000000000
00002c0000000000
0000000000000000
0200000000000000
0200130000000000
0200000000000000
0000000000000000
0000120000000000
0000000000000000
00001a0000000000
0000000000000000
0000080000000000
0000000000000000
0000150000000000
0000000000000000
0200000000000000
0200160000000000
0200000000000000
0000000000000000
00000b0000000000
0000000000000000
0000080000000000
0000000000000000
00000f0000000000
0000000000000000
00000f0000000000
0000000000000000
00002c0000000000
0000000000000000
00002d0000000000
0000000000000000
0200000000000000
0200190000000000
0200000000000000
0000000000000000
0000080000000000
0000000000000000
0000150000000000
0000000000000000
0000050000000000
0000000000000000
00002c0000000000
0000000000000000
0200000000000000
0200150000000000
0200000000000000
0000000000000000
0000180000000000
0000000000000000
0000110000000000
0000000000000000
0200000000000000
0200040000000000
0200000000000000
0000000000000000
0000160000000000
0000000000000000
0200000000000000
0200340000000000
0200000000000000
0000000000000000
0000280000000000
0000000000000000
0200000000000000
02000c0000000000
0200000000000000
0000000000000000
0000110000000000
0000000000000000
0000190000000000
0000000000000000
0000120000000000
0000000000000000
00000e0000000000
0000000000000000
0000080000000000
0000000000000000
00002d0000000000
0000000000000000
0200000000000000
0200080000000000
0200000000000000
0000000000000000
00001b0000000000
0000000000000000
0000130000000000
0000000000000000
0000150000000000
0000000000000000
0000080000000000
0000000000000000
0000160000000000
0000000000000000
0000160000000000
0000000000000000
00000c0000000000
0000000000000000
0000120000000000
0000000000000000
0000110000000000
0000000000000000
00002c0000000000
0000000000000000
0200000000000000
0200260000000000
0200000000000000
0000000000000000
00002f0000000000
0000000000000000
0200000000000000
0200160000000000
0200000000000000
0000000000000000
00001c0000000000
0000000000000000
0000160000000000
0000000000000000
0000170000000000
0000000000000000
0000080000000000
0000000000000000
0000100000000000
0000000000000000
0000370000000000
0000000000000000
0200000000000000
0200170000000000
0200000000000000
0000000000000000
0000080000000000
0000000000000000
00001b0000000000
0000000000000000
0000170000000000
0000000000000000
0000370000000000
0000000000000000
0200000000000000
0200080000000000
0200000000000000
0000000000000000
0000110000000000
0000000000000000
0000060000000000
0000000000000000
0000120000000000
0000000000000000
0000070000000000
0000000000000000
00000c0000000000
0000000000000000
0000110000000000
0000000000000000
00000a0000000000
0000000000000000
0000300000000000
0000000000000000
0200000000000000
0200330000000000
0200000000000000
0000000000000000
0200000000000000
0200330000000000
0200000000000000
0000000000000000
0200000000000000
0200040000000000
0200000000000000
0000000000000000
0200000000000000
0200160000000000
0200000000000000
0000000000000000
0200000000000000
0200060000000000
0200000000000000
0000000000000000
0200000000000000
02000c0000000000
0200000000000000
0000000000000000
0200000000000000
02000c0000000000
0200000000000000
0000000000000000
0000370000000000
0000000000000000
0200000000000000
02000a0000000000
0200000000000000
0000000000000000
0000080000000000
0000000000000000
0000170000000000
0000000000000000
0200000000000000
0200160000000000
0200000000000000
0000000000000000
0000170000000000
0000000000000000
0000150000000000
0000000000000000
00000c0000000000
0000000000000000
0000110000000000
0000000000000000
00000a0000000000
0000000000000000
0200000000000000
0200260000000000
0200000000000000
0000000000000000
00002f0000000000
0000000000000000
0200000000000000
0200160000000000
0200000000000000
0000000000000000
00001c0000000000
0000000000000000
0000160000000000
0000000000000000
0000170000000000
0000000000000000
0000080000000000
0000000000000000
0000100000000000
0000000000000000
0000370000000000
0000000000000000
0200000000000000
0200060000000000
0200000000000000
0000000000000000
0000120000000000
0000000000000000
0000110000000000
0000000000000000
0000190000000000
0000000000000000
0000080000000000
0000000000000000
0000150000000000
0000000000000000
0000170000000000
0000000000000000
0000300000000000
0000000000000000
0200000000000000
0200330000000000
0200000000000000
0000000000000000
0200000000000000
0200330000000000
0200000000000000
0000000000000000
0200000000000000
0200090000000000
0200000000000000
0000000000000000
0000150000000000
0000000000000000
0000120000000000
0000000000000000
0000100000000000
0000000000000000
0200000000000000
0200050000000000
0200000000000000
0000000000000000
0000040000000000
0000000000000000
0000160000000000
0000000000000000
0000080000000000
0000000000000000
0000230000000000
0000000000000000
0000210000000000
0000000000000000
0200000000000000
0200160000000000
0200000000000000
0000000000000000
0000170000000000
0000000000000000
0000150000000000
0000000000000000
00000c0000000000
0000000000000000
0000110000000000
0000000000000000
00000a0000000000
0000000000000000
0200000000000000
0200260000000000
0200000000000000
0000000000000000
0200000000000000
0200340000000000
0200000000000000
0000000000000000
0200000000000000
0200180000000000
0200000000000000
0000000000000000
00001f0000000000
0000000000000000
0200000000000000
0200190000000000
0200000000000000
0000000000000000
0000270000000000
0000000000000000
0200000000000000
02000f0000000000
0200000000000000
0000000000000000
0200000000000000
0200180000000000
0200000000000000
0000000000000000
0200000000000000
0200190000000000
0200000000000000
0000000000000000
0000210000000000
0000000000000000
0200000000000000
02001d0000000000
0200000000000000
0000000000000000
0200000000000000
02001a0000000000
0200000000000000
0000000000000000
0200000000000000
0200110000000000
0200000000000000
0000000000000000
00001e0000000000
0000000000000000
0000070000000000
0000000000000000
0200000000000000
02000a0000000000
0200000000000000
0000000000000000
00000f0000000000
0000000000000000
0000190000000000
0000000000000000
0000050000000000
0000000000000000
00000f0000000000
0000000000000000
0200000000000000
0200050000000000
0200000000000000
0000000000000000
0000190000000000
0000000000000000
0000050000000000
0000000000000000
0200000000000000
02000a0000000000
0200000000000000
0000000000000000
00000f0000000000
0000000000000000
00000d0000000000
0000000000000000
0000080000000000
0000000000000000
0200000000000000
0200160000000000
0200000000000000
0000000000000000
0200000000000000
0200050000000000
0200000000000000
0000000000000000
0200000000000000
0200060000000000
0200000000000000
0000000000000000
0000080000000000
0000000000000000
0200000000000000
02001b0000000000
0200000000000000
0000000000000000
0200000000000000
0200050000000000
0200000000000000
0000000000000000
00000b0000000000
0000000000000000
0000060000000000
0000000000000000
0000200000000000
0000000000000000
0200000000000000
0200100000000000
0200000000000000
0000000000000000
00000a0000000000
0000000000000000
0200000000000000
02000f0000000000
0200000000000000
0000000000000000
0200000000000000
0200180000000000
0200000000000000
0000000000000000
0200000000000000
02001d0000000000
0200000000000000
0000000000000000
0000190000000000
0000000000000000
0000060000000000
0000000000000000
0000100000000000
0000000000000000
0200000000000000
0200110000000000
0200000000000000
0000000000000000
00000f0000000000
0000000000000000
0200000000000000
0200120000000000
0200000000000000
0000000000000000
00001c0000000000
0000000000000000
0200000000000000
0200050000000000
0200000000000000
0000000000000000
0200000000000000
02000d0000000000
0200000000000000
0000000000000000
0000050000000000
0000000000000000
0000110000000000
0000000000000000
0200000000000000
02001d0000000000
0200000000000000
0000000000000000
0000190000000000
0000000000000000
0000040000000000
0000000000000000
00001f0000000000
0000000000000000
0200000000000000
0200180000000000
0200000000000000
0000000000000000
0000170000000000
0000000000000000
0200000000000000
0200190000000000
0200000000000000
0000000000000000
00001f0000000000
0000000000000000
0200000000000000
0200190000000000
0200000000000000
0000000000000000
00000c0000000000
0000000000000000
0200000000000000
0200180000000000
0200000000000000
0000000000000000
0000100000000000
0000000000000000
0200000000000000
0200190000000000
0200000000000000
0000000000000000
00001b0000000000
0000000000000000
0000070000000000
0000000000000000
0200000000000000
02001a0000000000
0200000000000000
0000000000000000
0200000000000000
0200190000000000
0200000000000000
0000000000000000
00001d0000000000
0000000000000000
0000070000000000
0000000000000000
0200000000000000
0200060000000000
0200000000000000
0000000000000000
0200000000000000
0200040000000000
0200000000000000
0000000000000000
0000110000000000
0000000000000000
0000040000000000
0000000000000000
0200000000000000
02000b0000000000
0200000000000000
0000000000000000
0200000000000000
0200150000000000
0200000000000000
0000000000000000
0000270000000000
0000000000000000
0000060000000000
0000000000000000
0200000000000000
0200070000000000
0200000000000000
0000000000000000
0000120000000000
0000000000000000
0000190000000000
0000000000000000
0200000000000000
02000f0000000000
0200000000000000
0000000000000000
00001d0000000000
0000000000000000
0200000000000000
0200100000000000
0200000000000000
0000000000000000
00001e0000000000
0000000000000000
0200000000000000
02000f0000000000
0200000000000000
0000000000000000
00000d0000000000
0000000000000000
00000e0000000000
0000000000000000
0000270000000000
0000000000000000
0200000000000000
02000f0000000000
0200000000000000
0000000000000000
00000d0000000000
0000000000000000
0200000000000000
0200180000000000
0200000000000000
0000000000000000
00001f0000000000
0000000000000000
0200000000000000
02000f0000000000
0200000000000000
0000000000000000
00000d0000000000
0000000000000000
0200000000000000
0200140000000000
0200000000000000
0000000000000000
00001e0000000000
0000000000000000
0200000000000000
02000f0000000000
0200000000000000
0000000000000000
00001f0000000000
0000000000000000
00001b0000000000
0000000000000000
00001d0000000000
0000000000000000
0200000000000000
02000f0000000000
0200000000000000
0000000000000000
0000110000000000
0000000000000000
0200000000000000
0200050000000000
0200000000000000
0000000000000000
00001d0000000000
0000000000000000
0200000000000000
0200100000000000
0200000000000000
0000000000000000
0200000000000000
0200160000000000
0200000000000000
0000000000000000
0000060000000000
0000000000000000
00000a0000000000
0000000000000000
0200000000000000
02000f0000000000
0200000000000000
0000000000000000
0200000000000000
0200180000000000
0200000000000000
0000000000000000
0000260000000000
0000000000000000
00001e0000000000
0000000000000000
0000070000000000
0000000000000000
0200000000000000
02000a0000000000
0200000000000000
0000000000000000
0200000000000000
02001d0000000000
0200000000000000
0000000000000000
0000130000000000
0000000000000000
0000050000000000
0000000000000000
0200000000000000
02000a0000000000
0200000000000000
0000000000000000
0200000000000000
0200180000000000
0200000000000000
0000000000000000
00000a0000000000
0000000000000000
0000060000000000
0000000000000000
0000200000000000
0000000000000000
0200000000000000
0200050000000000
0200000000000000
0000000000000000
0000190000000000
0000000000000000
0000040000000000
0000000000000000
0200000000000000
02001a0000000000
0200000000000000
0000000000000000
0000220000000000
0000000000000000
0000110000000000
0000000000000000
0000070000000000
0000000000000000
0200000000000000
02001b0000000000
0200000000000000
0000000000000000
0200000000000000
0200100000000000
0200000000000000
0000000000000000
0000240000000000
0000000000000000
0200000000000000
02000c0000000000
0200000000000000
0000000000000000
0200000000000000
0200060000000000
0200000000000000
0000000000000000
0200000000000000
0200150000000000
0200000000000000
0000000000000000
00000c0000000000
0000000000000000
0000040000000000
0000000000000000
0200000000000000
02001a0000000000
0200000000000000
0000000000000000
0000220000000000
0000000000000000
0000110000000000
0000000000000000
0000070000000000
0000000000000000
0200000000000000
02001b0000000000
0200000000000000
0000000000000000
0200000000000000
0200100000000000
0200000000000000
0000000000000000
00000a0000000000
0000000000000000
0200000000000000
0200130000000000
0200000000000000
0000000000000000
0200000000000000
0200160000000000
0200000000000000
0000000000000000
0200000000000000
0200050000000000
0200000000000000
0000000000000000
00000d0000000000
0000000000000000
0200000000000000
02001c0000000000
0200000000000000
0000000000000000
0200000000000000
02001b0000000000
0200000000000000
0000000000000000
0200000000000000
0200140000000000
0200000000000000
0000000000000000
00000a0000000000
0000000000000000
0000060000000000
0000000000000000
0000200000000000
0000000000000000
0200000000000000
0200050000000000
0200000000000000
0000000000000000
0000190000000000
0000000000000000
0000040000000000
0000000000000000
0200000000000000
02001a0000000000
0200000000000000
0000000000000000
0000220000000000
0000000000000000
0000110000000000
0000000000000000
0000070000000000
0000000000000000
0200000000000000
02001b0000000000
0200000000000000
0000000000000000
0200000000000000
0200100000000000
0200000000000000
0000000000000000
0000240000000000
0000000000000000
0200000000000000
02000c0000000000
0200000000000000
0000000000000000
0200000000000000
02000b0000000000
0200000000000000
0000000000000000
0200000000000000
02000d0000000000
0200000000000000
0000000000000000
0000170000000000
0000000000000000
0200000000000000
02000c0000000000
0200000000000000
0000000000000000
0200000000000000
02000b0000000000
0200000000000000
0000000000000000
0200000000000000
0200110000000000
0200000000000000
0000000000000000
00001a0000000000
0000000000000000
0000050000000000
0000000000000000
00001f0000000000
0000000000000000
00000f0000000000
0000000000000000
0000180000000000
0000000000000000
0200000000000000
02001d0000000000
0200000000000000
0000000000000000
0000200000000000
0000000000000000
0200000000000000
0200190000000000
0200000000000000
0000000000000000
00001d0000000000
0000000000000000
0200000000000000
0200120000000000
0200000000000000
0000000000000000
00001c0000000000
0000000000000000
0200000000000000
0200050000000000
0200000000000000
0000000000000000
0200000000000000
02000d0000000000
0200000000000000
0000000000000000
0000050000000000
0000000000000000
0000110000000000
0000000000000000
0200000000000000
02001d0000000000
0200000000000000
0000000000000000
0000190000000000
0000000000000000
0000040000000000
0000000000000000
00001f0000000000
0000000000000000
0200000000000000
0200180000000000
0200000000000000
0000000000000000
0000170000000000
0000000000000000
0200000000000000
0200150000000000
0200000000000000
0000000000000000
0200000000000000
02001b0000000000
0200000000000000
0000000000000000
00000b0000000000
0000000000000000
00001a0000000000
0000000000000000
0000060000000000
0000000000000000
0000100000000000
0000000000000000
0200000000000000
0200190000000000
0200000000000000
0000000000000000
00001d0000000000
0000000000000000
0000060000000000
0000000000000000
00001f0000000000
0000000000000000
00000f0000000000
0000000000000000
0000190000000000
0000000000000000
0000050000000000
0000000000000000
00000c0000000000
0000000000000000
0200000000000000
0200040000000000
0200000000000000
0000000000000000
00000e0000000000
0000000000000000
0200000000000000
02001c0000000000
0200000000000000
0000000000000000
0000100000000000
0000000000000000
00000f0000000000
0000000000000000
0000180000000000
0000000000000000
0200000000000000
02001d0000000000
0200000000000000
0000000000000000
0000200000000000
0000000000000000
0200000000000000
0200190000000000
0200000000000000
0000000000000000
00001d0000000000
0000000000000000
0200000000000000
0200340000000000
0200000000000000
0000000000000000
0200000000000000
0200270000000000
0200000000000000
0000000000000000
0200000000000000
0200270000000000
0200000000000000
0000000000000000
0200000000000000
0200270000000000
0200000000000000
0000000000000000
0000280000000000
0000000000000000
